1 2,28 3,4 4,53 5,95 6,59 8,48 9,84 11,27 12,7 13,91 14,96
2 1,28 3,79 6,30 8,59 9,62 10,20 12,15 13,16 14,96
3 1,4 2,79 4,80 6,19 7,74 9,59 11,80 12,81 13,65 14,7 15,13
4 1,53 3,80 5,87 6,42 7,70 8,8 13,44 14,92
5 1,95 4,87 6,86 7,46 8,44 10,12 11,39 13,14 14,95 15,19
6 1,59 2,30 3,19 4,42 5,86 7,12 8,0 9,72 11,92 12,54 13,0 14,68 15,22
7 3,74 4,70 5,46 6,12 8,86 10,76 11,68 12,32 13,62 14,34
8 1,48 2,59 4,8 5,44 6,0 7,86 9,38 10,34 11,12 12,55 13,25 15,9
9 1,84 2,62 3,59 6,72 8,38 11,66 12,31 13,95
10 2,20 5,12 7,76 8,34 11,63 12,37 13,93 14,79
11 1,27 3,80 5,39 6,92 7,68 8,12 9,66 10,63 13,45 15,78
12 1,7 2,15 3,81 6,54 7,32 8,55 9,31 10,37 13,75 14,87
13 1,91 2,16 3,65 4,44 5,14 6,0 7,62 8,25 9,95 10,93 11,45 12,75 14,46 15,63
14 1,96 2,96 3,7 4,92 5,95 6,68 7,34 10,79 12,87 13,46
15 3,13 5,19 6,22 8,9 11,78 13,63